11111000010000000000001011001001
11111000010000001000001011001010
10001011000111110000001111101011
10001011000111110000000100101100
11000011100000000000000100100000
01010100000000000000000001101101
10010001000000000000011111101101
11001011000011000000001111101100
11001011000010010000001111101001
11000011100000000000000101000000
01010100000000000000000001101101
10010001000000000000011111101110
11001011000010100000001111101010
11000011100000000000000110000000
01010100000000000000000010001110
11001011000010100000000110001100
10010001000000000000010101101011
00010111111111111111111111111100
10001011000010100000000110001100
11010001000000000000010101101011
10110100000000000000000001101101
10110100000000000000000001001110
11001011000011000000001111101100
01001011011011100000000110100000
01010100000000000000000001000001
11001011000010110000001111101011
11111000000000010000001011001011
11111000000000011000001011001100